%%MatrixMarket matrix coordinate real general
% a positive definitive matrix, as in
% http://www.ncsa.uiuc.edu/UserInfo/Resources/Hardware/IBMp690/IBM/usr/lpp/essl.html.en_US/html/essl43.html
% *                        *
% | 99  12  13  14  15  16 |
% | 12  99  12  13  14  15 |
% | 13  12  99  12  13  14 |
% | 14  13  12  99  12  13 |
% | 15  14  13  12  99  12 |
% | 16  15  14  13  12  99 |
% *                        *
6 6 36
1 1 99
1 2 12
1 3 13
1 4 14
1 5 15
1 6 16
2 1 12
2 2 99
2 3 12
2 4 13
2 5 14
2 6 15
3 1 13
3 2 12
3 3 99
3 4 12
3 5 13
3 6 14
4 1 14
4 2 13
4 3 12
4 4 99
4 5 12
4 6 13
5 1 15
5 2 14
5 3 13
5 4 12
5 5 99
5 6 12
6 1 16
6 2 15
6 3 14
6 4 13
6 5 12
6 6 99
